[[ 4.65690326  4.12491214 -9.         10.          4.70190778]
 [ 4.05461474  5.18796275 -2.47428988 10.          4.05426787]
 [ 3.84343047  3.90563865 -2.94344251 10.          3.84288658]
 [ 4.78981283  4.18478257 -2.00656399 10.          4.78669488]
 [ 4.87469532  4.12339514 -9.         10.          4.60930445]]
9.999999999999993

-2.4204156962393677

[ 2.49e-30]
[ 1.35e-30]
[-1.54e-30]
[ 1.00e+00]
[ 2.79e-30]
[ 0.00e+00]
[ 0.00e+00]
[ 0.00e+00]
[ 0.00e+00]
[ 0.00e+00]
[-4.43e-31]
[-6.38e-31]
[ 0.00e+00]
[ 0.00e+00]
[-1.23e-30]
[ 0.00e+00]
[ 6.69e-31]
[ 0.00e+00]
[ 0.00e+00]
[-7.71e-31]
[-6.16e-31]
[ 0.00e+00]
[-1.57e-30]
[ 0.00e+00]
[ 0.00e+00]